P_sat = 11.0033071237 +- 1.38653707713
I_inf = 300320.608926 +- 23449.4513017