P_sat = 4.66160694669 +- 3.32294508098
I_inf = 154840.34154 +- 103795.74873