P_sat = 7.49125303049 +- 1.16370339246
I_inf = 256845.249014 +- 21460.3774824