P_sat = 11.0033220642 +- 9.61591449752
I_inf = 300320.859344 +- 340543.619327
bkg = 4.85368989259e-13 +- 9900.03844173